1
2
3
4
5
7
8
9
10
11
13
14
15
16
17
19
20
21
22
23
24
25
26
28
31
33
35
36
39
40
42
43
45
46
48
49
50
51
53
54
55
56
57
61
62
66
67
68
70
71
72
73
74
75
76
77
78
79
83
84
90
91
92
94
95
97
98
100
101
102
103
104
105
108
110
111
112
113
115
118
121
124
125
127
128
130
131
133
134
136
138
139
140
141
142
143
146
148
150
152
153
155
159
167
169
189
190
191
198
199
200
201
202
203
206
207
208
209
210
211
212
213
215
216
217
221
224
226
227
230
231
232
234
235
236
237
238
239
242
252
253
261
268
269
271
278
283
286
287
295
297
300
303
309
310
312
322
323
328
329
332
338
344
347
349
354
355
359
366
371
377
380
383
394
409
416
417
424
435
437
442
446
448
455
494
496
513
518
528
539
542
543
560
567
572
617
621
637
647
662
673
678
684
695
698
703
704
712
715
721
729
733
735
739
743
744
746
751
763
767
772
778
784
787
790
791
818
825
844
846
853
863
872
875
876
885
896
901
904
907
911
934
935
938
939
948
950
958
973
975
977
981
987
994
997
1011
1017
1026
1035
1046
1047
1049
1091
1092
1095
1101
1105
1110
1143
1155
1162
1169
1171
1182
1197
1215
1219
1235
1245
1249
1257
1259
1272
1293
1296
1311
1319
1332
1335
1339
1358
1366
1367
1386
1392
1401
1419
1438
1443
1448
1449
1462
1466
1480
1487
1504
1509
1531
1540
1558
1562
1567
1578
1583
1584
1609
1610
1620
1624
1642
1648
1665
1673
1680
1690
1700
1701
1702
1704
1727
1730
1738
1750
1752
1753
1754
1774
1775
1832
1833
1834
1835
1851
1865
1870
1897
1899
1905
1922
1926
1942
1947
1958
1963
1973
1975
2013
2022
2024
2033
2034
2038
2063
2074
2080
2092
2096
2100
2101
2108
2115
2125
2133
2134
2135
2140
2170
2182
2187
2195
2196
2222
2226
2233
2257
2275
2280
2304
2317
2325
2337
2343
2354
2375
2384
2385
2400
2402
2416
2420
2421
2457
2458
2460
2466
2485
2492
2497
2502
2512
2523
2531
2540
2550
2571
2580
2588
2593
2602
2610
2611
2641
2672
2684
2698
2707
2709
2779
2808
2860
2864
2870
2908
2909
2913
2914
2915
2923
2924
2929
2943
2944
2962
2965
2966
2970
2980
2981
3005
3015
3025
3029
3040
3042
3043
3046
3047
3062
3063
3065
3066
3067
3069
3070
3071
3072
3074
3075
3076
3095
3096
3097
3105
3120
3121
3122
3131
3132
3133
3136
3137
3138
3142
3143
3144
3153
3162
3163
3164
3168
3169
3170
3174
3175
3176
3178
3179
3180
3184
3185
3186
3194
3195
3200
3201
3202
3206
3207
3208
3209
3210
3211
3212
3213
3218
3232
3233
3234
3235
3258
3259
3261
3264
3265
3290
3296
3310
3392
3402
3407
3417
3418
3477
3478
3531
